pathway_53	HGNC_symbol	HGNC_mapping	%RVIS_ESP_0.1%	%RVIS_ExAC_0.01%	%RVIS_ExAC_0.05%popn	%RVIS_ExAC_0.1%popn	constraint_score	pLI	pRecessive	pNull	pHI	chrN:N-N
GABRA1	GABRA1	NA	24	18.32	19.82	23.91	2.785751568	0.944595908788091	0.055354231823359	4.98593885496302e-05	0.663889146549651	chr5:161274197-161326975
KCNQ2	KCNQ2	NA	15.86	9.43	5.91	11.08	4.246094817	0.998458748707029	0.00154124379797044	7.49500049198343e-09	0.174003315170363	chr20:62037542-62103993
EFHC1	EFHC1	NA	93.63	92.67	88.11	83.98	0.361292867	7.01106032940371e-12	0.113569701870029	0.88643029812296	0.168846659474289	chr6:52285106-52387892
STX1B	STX1B	NA	41.25	27.08	30.28	32.17	3.010022296	0.918946861052141	0.0809223339865012	0.000130804961357872	0.283101132631084	chr16:31000577-31021949
AP4S1	AP4S1	NA	28.63	73.6	69.45	71.28	NA	6.75833121516478e-06	0.260962371193902	0.739030870474883	0.430815171750888	chr14:31494312-31562818
COG4	COG4	NA	8.54	12.23	32.31	25.9	0.340282065	0.000211208253648474	0.998640020016296	0.00114877173005507	0.38619881080785	chr16:70514472-70557468
SCN1B	SCN1B	NA	83.25	33.48	24.12	39.07	1.303738399	0.183600414363882	0.754852230020526	0.0615473556155914	0.115765120859269	chr19:35521588-35531352
KMT5B	KMT5B	NA	9.21	13.13	16.2	13.35	1.756464509	0.999830011256297	0.000169988571660391	1.72042696874971e-10	0.399660562676569	chr11:67922330-67981295
ICK	ICK	NA	39.11	22.03	13.17	21.82	0.771239047	0.530636838349448	0.469356096675159	7.06497539319904e-06	0.840683548859672	chr6:52866077-52926600
GABRG2	GABRG2	NA	25.15	9.42	10.52	14.61	2.994837104	0.927172865422976	0.0728069339685596	2.02006084648131e-05	0.596547389031622	chr5:161494546-161582542
CLCN2	CLCN2	NA	79.66	83.78	43.3	58.77	1.933301993	3.2239282081811e-07	0.995720555558484	0.00427912204869516	0.33848125656327	chr3:184063973-184079439
SLC2A1	SLC2A1	NA	7.66	22.18	10.41	14.57	2.562582139	0.982100364400937	0.0178847696025438	1.48659965191212e-05	0.663936803558006	chr1:43391052-43424530
MBOAT7	MBOAT7	NA	20.7	22.16	30.84	33.22	0.705607079	0.158989138150397	0.822156985491294	0.0188538763583087	0.0641072756524655	chr19:54677107-54693733
HERC2	HERC2	NA	0.05	0.31	0.16	0.15	6.654857498	1	3.13304114030602e-17	1.89449505714304e-48	0.105705970066697	chr15:28356186-28567298
SCN2A	SCN2A	NA	1.77	1.4	1.05	2.79	5.325529995	0.999999931333344	6.86666554869265e-08	3.81332820677593e-20	0.875445786473717	chr2:166095912-166248818
STXBP1	STXBP1	NA	14.97	20.39	14.9	18.55	3.473582329	0.999710444960705	0.000289554409581027	6.29714235646466e-10	0.391277268635796	chr9:130374544-130454995
APP	APP	NA	8.8	8.36	5.89	12.07	2.652316839	0.430989473138877	0.569007446692738	3.08016838522064e-06	0.993008957274039	chr21:27252861-27543446
SCN1A	SCN1A	NA	4.03	3.49	2.38	5.08	3.799122695	0.999999994566114	5.43388588504053e-09	7.90512739066327e-23	0.67998024920349	chr2:166845670-166930149
AUH	AUH	NA	27.42	47.49	63.07	36.75	0.494157244	0.00452443417786129	0.95790531317971	0.0375702526424288	0.04323441886086	chr9:93976097-94124195
SLC6A1	SLC6A1	NA	29.16	5.93	9.06	10.76	3.477784269	0.998592225641002	0.00140774465921078	2.96997869737098e-08	0.509633958050529	chr3:11034410-11080933
DYRK1A	DYRK1A	NA	25.64	16.66	11.93	13.01	4.075874799	0.998989867866653	0.00101012945738831	2.67595818306944e-09	0.889451325081045	chr21:38739879-38889753
KCNJ6	KCNJ6	NA	28.63	27.73	17.17	17.79	2.609346169	0.774457080942324	0.223555592017717	0.00198732703995831	0.413743484666037	chr21:38979678-39288749
VPS11	VPS11	NA	NA	NA	NA	NA	2.605774728	0.926922953795285	0.0730768772690104	1.68935704116266e-07	0.329329570242539	chr11:118938493-118952686
TBC1D24	TBC1D24	NA	82.83	42.31	15.95	38.3	2.096336957	2.18865457955159e-05	0.45897580133528	0.541002312118924	0.0788944834203342	chr16:2525147-2555735
ADGRV1	ADGRV1	NA	99.95	99.01	98.07	99.4	1.499572409	2.23163002767013e-19	0.999999999999998	1.80782748738233e-15	0.328571635189211	chr5:89825161-90460038
HCN1	HCN1	NA	13.33	3.42	7.87	2.77	3.17430996	0.99563822928165	0.00436175152684222	1.91915074433346e-08	0.338031044147146	chr5:45259349-45696253
CPA6	CPA6	NA	86.27	72.89	53.95	70.12	-0.964811006	3.11618640380769e-09	0.468127242926215	0.531872753957598	0.268380229192411	chr8:68334405-68658620
PCDH19	PCDH19	NA	10.43	9.02	5.33	17.16	4.097288927	0.993053558925599	0.00694498021179581	1.46086260564157e-06	0.768093442051628	chrX:99546642-99665271
GPT2	GPT2	NA	25.37	21.87	17.06	12.68	2.18851069	0.0108905370099629	0.977915907915211	0.0111935550748265	0.119901481338744	chr16:46918290-46965209
GABRB3	GABRB3	NA	22.36	22.31	19.82	23.91	2.908702881	0.995064754389693	0.00493461199320092	6.33617106168428e-07	0.703867619850226	chr15:26788693-27184686
CPLX1	CPLX1	NA	41.25	35.64	27.7	34.54	1.047361344	0.78374448033498	0.208142653895506	0.00811286576951437	0.0696790490070634	chr4:778745-819986
SCN9A	SCN9A	NA	73.63	30.49	63.31	75.86	-0.010544475	5.67355632616921e-10	0.99945925485977	0.000540744572873917	0.492146993998032	chr2:167051695-167232503
CHD2	CHD2	NA	2.37	1.18	0.92	0.87	4.398373978	0.99999999984693	1.5306979750665e-10	1.32384084796287e-26	0.402314815100423	chr15:93426526-93571237
SLC35C1	SLC35C1	NA	53.51	28.68	27.88	40.79	2.221244059	0.133579168712042	0.765783875397833	0.100636955890125	0.115141238880815	chr11:45825623-45834566
CACNB4	CACNB4	NA	60.09	15.32	13.43	14.12	2.934621753	0.950310412644525	0.0496880316388322	1.55571664302822e-06	0.662796458268795	chr2:152689290-152955593
KCNQ3	KCNQ3	NA	30.82	22.9	7.19	6.89	2.13671097	0.960136862858941	0.0398629557811356	1.81359923261974e-07	0.416777488507532	chr8:133133108-133493200
GABRD	GABRD	NA	21.65	22.51	20.87	21.84	2.778932923	0.8940197919904	0.105719269766123	0.000260938243477567	0.0621411836042088	chr1:1950780-1962192
CACNA1H	CACNA1H	NA	1.63	10.24	25.99	2.83	-0.322362917	0.997414065837471	0.00258593415354783	8.98098763853046e-12	0.0252355923061295	chr16:1203241-1271771
MBD5	MBD5	NA	1.52	1.79	2.01	1.19	1.414329318	0.999924408272957	7.55917031480228e-05	2.38945100347827e-11	0.709096885885109	chr2:148778580-149275805
JRK	JRK	NA	NA	NA	NA	NA	-1.367173992	NA	NA	NA	NA	NA
KCTD7	KCTD7	NA	16.36	20.17	26.62	26.16	0.96779896	0.987119199675092	0.0128794582019521	1.34212295540816e-06	0.214101234325476	chr7:66093868-66276451
