pathway_71	HGNC_symbol	HGNC_mapping	%RVIS_ESP_0.1%	%RVIS_ExAC_0.01%	%RVIS_ExAC_0.05%popn	%RVIS_ExAC_0.1%popn	constraint_score	pLI	pRecessive	pNull	pHI	chrN:N-N
CDKL5	CDKL5	NA	15.86	1.18	2.51	2.51	2.896715118	0.994604916658204	0.00539505108152818	3.22602682062411e-08	0.564369159098411	chrX:18443703-18671749
RHOBTB2	RHOBTB2	NA	8.9	29.17	9.07	8.56	2.168189564	0.325378159030976	0.674451421497335	0.000170419471688493	0.261950159580659	chr8:22844930-22877712
HIVEP2	HIVEP2	NA	1.37	0.76	1.36	1.16	3.247692494	0.999998454112987	1.54588701248485e-06	3.71113162533215e-16	0.545720012049286	chr6:143072604-143266338
GABRA3	GABRA3	NA	49.76	11.69	13.76	17.01	2.598539207	0.211577412350307	0.777504700980142	0.0109178866695509	0.292033892568605	chrX:151334706-151619830
SYNE2	SYNE2	NA	99.63	98.88	98.8	99.35	-0.088915951	3.09507656900513e-08	0.999999969049234	8.97407404534496e-31	0.091751196499109	chr14:64319683-64693165
SMC1A	SMC1A	NA	22.09	2.66	2.22	3.11	5.359867264	0.999965573338753	3.442665772902e-05	3.51757861452623e-12	0.539151882888306	chrX:53401070-53449677
XAB2	XAB2	NA	4.48	7.14	4.24	5.51	3.211365561	0.998080207061905	0.00191979241385809	5.24236482295429e-10	0.164912516425468	chr19:7684411-7694451
ACTL6B	ACTL6B	NA	30.07	16.15	14.8	21.67	3.679204272	0.994847196857871	0.00515266064836963	1.4249375945005e-07	0.498296439275083	chr7:100240720-100254084
SMARCA2	SMARCA2	NA	1.82	1.13	1.21	1.55	5.386822448	0.999999870914248	1.29085752483289e-07	3.59033679800549e-20	0.973609555395104	chr9:2015342-2193624
MEF2C	MEF2C	NA	58	19.91	18.97	22.91	4.047109006	0.00241500594116064	0.977894504675719	0.0196904893831202	0.999766119822176	chr5:88013975-88199922
GNAO1	GNAO1	NA	13.94	20.1	10.01	10.81	3.028129764	0.977597316934386	0.022376854272773	2.58287928415422e-05	0.72830505870629	chr16:56225302-56391356
CECR2	CECR2	NA	NA	NA	NA	NA	0.900850689	NA	NA	NA	0.0385697050086328	chr22:17840837-18037850
TBL1X	TBL1X	NA	11.77	4.59	4.44	6.21	1.490229696	0.997303824954365	0.00269603018465905	1.44860975737818e-07	0.133019592166915	chrX:9431335-9687780
SMARCA1	SMARCA1	NA	27.88	7.25	8.28	12.43	3.128369312	0.999963934751213	3.60652479901453e-05	7.9712315216575e-13	0.562828954377041	chrX:128580480-128657477
HDAC5	HDAC5	NA	5.17	9.46	4.9	9.55	2.649711886	0.999245041385347	0.00075495856076573	5.38868220522831e-11	0.867246909039634	chr17:42154114-42201070
CHD4	CHD4	NA	2.82	0.43	0.52	0.69	6.162176325	0.999999993309093	6.69090713568844e-09	1.08722542317561e-24	0.655772162860768	chr12:6679249-6716642
TAF1B	TAF1B	NA	86.8	73.13	71.43	73.65	-0.404753556	0.000251944734708588	0.995375829998968	0.00437222526632323	0.0899891945501706	chr2:10008405-9994550
HDAC1	HDAC1	NA	14.97	15.87	17.4	16.53	2.808681795	0.87890969591925	0.12107506982148	1.52342592701113e-05	0.99956677895988	chr1:32757687-32799236
KDM5B	KDM5B	NA	2.48	1.37	1.34	1.08	2.719395772	0.665119140819362	0.334880859174331	6.30755890944054e-12	0.295594786617422	chr1:202696526-202778598
SATB2	SATB2	NA	10.65	5	5.29	7.1	3.710008123	0.999106203054569	0.000893787130928216	9.81450255596803e-09	0.973895350777082	chr2:200134223-200335989
EIF2B2	EIF2B2	NA	34.32	21.94	27.11	34.4	1.40178572	0.00159413746848242	0.866726826065411	0.131679036466106	0.525728306352688	chr14:75469614-75476292
SMARCA4	SMARCA4	NA	0.6	0.48	0.42	0.52	6.604156311	0.999999978667846	2.13321545215247e-08	1.0927361362766e-20	0.92126593578992	chr19:11071598-11176071
GPS2	GPS2	NA	22.09	11.32	17.6	15.38	2.07516618	0.959885977194408	0.0400918159851559	2.22068204358801e-05	0.148381197004958	chr17:7214643-7218883
SCN2A	SCN2A	NA	1.77	1.4	1.05	2.79	5.325529995	0.999999931333344	6.86666554869265e-08	3.81332820677593e-20	0.875445786473717	chr2:166095912-166248818
STXBP1	STXBP1	NA	14.97	20.39	14.9	18.55	3.473582329	0.999710444960705	0.000289554409581027	6.29714235646466e-10	0.391277268635796	chr9:130374544-130454995
GABBR2	GABBR2	NA	5.08	3.75	5.99	4.05	3.993255328	0.999870799134941	0.000129200847215838	1.78427782108238e-11	0.519790847878846	chr9:101050391-101471479
NCOR1	NCOR1	NA	1.5	1.04	0.65	2.43	4.51625849	0.999999994506822	5.49317767389398e-09	5.57105095056723e-27	0.942283614185556	chr17:15932471-16121499
SCN1A	SCN1A	NA	4.03	3.49	2.38	5.08	3.799122695	0.999999994566114	5.43388588504053e-09	7.90512739066327e-23	0.67998024920349	chr2:166845670-166930149
HDAC8	HDAC8	NA	33.97	17.16	26.04	23.08	1.03639261	0.893606081093149	0.10613032729651	0.000263591610340959	0.520282578161038	chrX:71549366-71792953
BRAF	BRAF	NA	17.75	7.43	9.55	13.41	3.287339913	0.999983482649624	1.65173502566583e-05	1.18961221524589e-13	0.683349443805559	chr7:140419127-140624564
CRK	CRK	NA	30.07	16.67	18.71	20.92	2.695750013	0.962266348684086	0.0376398755720724	9.37757438412924e-05	0.988129128590064	chr17:1323983-1359552
MECP2	MECP2	NA	10.46	71.3	32.4	55.62	0.087268359	0.662797570148747	0.330749984985133	0.00645244486612075	0.982603095374367	chrX:153287024-153363212
HAP1	HAP1	NA	97.21	95.22	92.47	95.16	1.06184483	3.83098873634901e-16	0.0026202917009144	0.997379708299085	0.0127709352002795	chr17:39873994-39890896
FOXG1	FOXG1	NA	35.42	28.9	31.74	35.94	3.832446465	NA	NA	NA	0.91478009801595	chr14:29235050-29238870
TBL1XR1	TBL1XR1	NA	41.25	38.9	24.81	31.78	2.751092138	0.997772985989142	0.00222692313745803	9.08734000476209e-08	0.758627263824762	chr3:176737143-176915261
SRRM3	SRRM3	NA	NA	NA	NA	NA	NA	0.879700280869947	0.119936571165134	0.000363147964918377	0.0507525612945559	chr7:75831216-75916605
KCNJ10	KCNJ10	NA	64.51	77.94	44.67	51.47	0.954965001	0.568313914522709	0.417495028115494	0.0141910573617966	0.443984032257416	chr1:160007257-160040038
IMPDH2	IMPDH2	NA	16.36	11.84	8.69	10.31	2.199749045	0.00369606040189404	0.98541489748132	0.0108890421167855	0.593120508046867	chr3:49061758-49066823
GRIN2A	GRIN2A	NA	3.89	0.77	1.17	0.83	4.240017283	0.998910618505245	0.00108938084384376	6.50911378285049e-10	0.560581535500693	chr16:10031816-9984957
GABRD	GABRD	NA	21.65	22.51	20.87	21.84	2.778932923	0.8940197919904	0.105719269766123	0.000260938243477567	0.0621411836042088	chr1:1950780-1962192
TRRAP	TRRAP	NA	0.04	0.01	0.02	0.02	7.75311706	1	5.81722252400675e-20	7.40991151648064e-49	0.422098574235776	chr7:98475556-98610866
NCOR2	NCOR2	NA	0.82	2.83	3.52	1.83	1.52284139	0.999999173228213	8.26771787074665e-07	2.74109081297031e-20	0.460506037189327	chr12:124808961-125052010
TCF4	TCF4	ambiguous_previous	19.54	19.23	13.05	27.06	3.434060734	0.99961761213725	0.000382387611863904	2.50886116342607e-10	0.999272266089792	chr18:52889562-53332018
SCN8A	SCN8A	NA	2.34	0.59	0.64	0.64	6.419004131	0.999987635512573	1.23644874266564e-05	4.86784278152864e-16	0.81209943327855	chr12:51984710-52206648
SYNGAP1	SYNGAP1	NA	6.23	1.6	1.36	2.23	5.50652863	0.999993301784444	6.69821554270969e-06	1.3200792986554e-14	0.418988174717978	chr6:33387847-33421466
HTT	HTT	ambiguous_previous	1.69	0.13	0.14	0.14	3.626247256	0.999999999984177	1.58230420909181e-11	1.7845986315624e-32	0.732159890839	chr4:3076408-3245676
SHANK3	SHANK3	NA	NA	NA	NA	NA	4.714052438	0.999915921676604	8.40782924320766e-05	3.09643859042457e-11	0.0592128197215211	chr22:51112843-51171726
GRIN2B	GRIN2B	NA	1.07	1.06	1.09	1.83	5.334038957	0.999983751088803	1.62489106316848e-05	5.64911303689279e-13	0.628804110766064	chr12:13693165-14133053
