pathway_21	HGNC_symbol	HGNC_mapping	%RVIS_ESP_0.1%	%RVIS_ExAC_0.01%	%RVIS_ExAC_0.05%popn	%RVIS_ExAC_0.1%popn	constraint_score	pLI	pRecessive	pNull	pHI	chrN:N-N
CD38	CD38	NA	17.91	86.88	82.75	84.56	-1.452889265	4.32074430378665e-05	0.603332965781596	0.396623826775366	0.0143804273782553	chr4:15779901-15854853
PTGS2	PTGS2	NA	28.93	25.59	24.65	37.03	2.545557994	0.998169036953237	0.00183090667666185	5.63701006668143e-08	0.996154622665113	chr1:186640923-186649559
SLC24A1	SLC24A1	NA	19.04	52.44	52.24	50.27	0.067691222	0.00174694600357221	0.991690083411759	0.00656297058466911	0.0120879370818424	chr15:65903743-65953333
MTMR2	MTMR2	NA	73.54	62.66	64.32	76.03	1.722676161	0.69923249794491	0.300765894071893	1.60798319730172e-06	0.352025802427517	chr11:95566046-95657459
ACHE	ACHE	NA	18.14	21.54	22.98	23.75	2.834447191	0.994659630624216	0.00533960109123831	7.68284545265849e-07	0.455026425300217	chr7:100487615-100494222
PICK1	PICK1	NA	12.24	18.75	13.24	13.95	2.413608946	0.799809980988476	0.199897639595913	0.000292379415611437	0.328130305105109	chr22:38452318-38471708
ADNP	ADNP	NA	4.13	3.02	3.7	3.95	1.072773467	0.997716982103892	0.00228299835851943	1.95375880540386e-08	0.657974321374088	chr20:49505585-49547958
CELF4	CELF4	NA	21.41	10.7	9.57	11.29	3.085951019	0.952124795299741	0.0478682034117819	7.00128847710116e-06	0.865512199557328	chr18:34823010-35146000
FMR1	FMR1	NA	70.26	70.71	69.23	75.59	2.954178952	0.296796463493601	0.70214348571982	0.0010600507865785	0.940937361273481	chrX:146993469-147032645
HTR2A	HTR2A	NA	77.8	17.66	14.7	30.23	2.293232859	0.935167222058317	0.0644703797672032	0.000362398174480085	0.499278732863556	chr13:47405685-47471169
CBLN1	CBLN1	NA	54.63	65.01	48.21	57.14	2.573980193	0.801224619061198	0.192294405368787	0.00648097557001506	0.300515651911382	chr16:49311828-49315742
SLC6A4	SLC6A4	NA	18.06	9.32	12.41	12.21	2.321163518	0.725082163194092	0.274887894373417	2.99424324902277e-05	0.84874688912373	chr17:28521337-28563020
ASIC1	ASIC1	NA	22.36	8.61	6.35	8.2	3.138950207	0.976244308530971	0.0237544658628128	1.22560621579376e-06	0.372226277596242	chr12:50451331-50477394
SRF	SRF	NA	44.89	23.31	20.19	20.87	3.179815759	0.960290183591594	0.0396033616756712	0.00010645473273434	0.989476620250391	chr6:43139037-43149243
BCHE	BCHE	NA	87.21	83.63	81.24	87.21	-0.977698197	1.86189036734182e-09	0.0609872227126299	0.93901277542548	0.536654702032223	chr3:165490692-165555260
GNAI2	GNAI2	NA	30.37	36.56	31.68	33.6	2.80989025	0.821089973054825	0.177863063478226	0.00104696346694916	0.67345992232161	chr3:50263724-50296787
TNR	TNR	NA	20.04	34.36	44.07	36.49	2.06764652	0.984376797483402	0.0156232024866434	2.9954721107861e-11	0.798250144855695	chr1:175284330-175712906
RAP1A	RAP1A	NA	47.79	42.67	41.38	44.94	NA	0.920099313505901	0.0792867118194987	0.000613974674600343	0.910815278957858	chr1:112084840-112259313
PCDH17	PCDH17	NA	5.49	1.66	3.1	1.96	5.510961475	0.933065019471922	0.0669186800232084	1.63005048700997e-05	0.705060822941049	chr13:58206655-58303445
PTK2B	PTK2B	NA	5.19	7.11	2.99	6.29	0.766841459	0.996570673633132	0.00342932634898402	1.78839382709134e-11	0.424632626714574	chr8:27168999-27316903
IL1B	IL1B	NA	27.42	37.97	28.37	25.58	0.197576038	0.897679631683259	0.102082160965175	0.000238207351565167	0.417352882783533	chr2:113587328-113594480
RAP1B	RAP1B	NA	46.2	47.86	47.16	49.85	NA	0.923029881647603	0.0764115284232514	0.000558589929145192	0.75360210472257	chr12:69004619-69054372
PNKD	PNKD	NA	29.31	77.6	87.28	73.03	0.397943414	6.10276185221718e-06	0.42665025853693	0.573343638701218	0.188016627658822	chr2:219135115-219211516
GNAI1	GNAI1	NA	41.64	21.77	19.66	21.97	2.632021984	0.886588247250612	0.113100482416126	0.000311270333261571	0.983124002544026	chr7:79763271-79848718
LILRB2	LILRB2	NA	99.09	99.54	99.44	99.52	-1.49134413	9.91188649177991e-05	0.983685422747348	0.0162154583877346	0.00096730461048306	chr19:54777675-54785039
SYT11	SYT11	NA	35.99	44.29	20.96	25.49	1.445330891	0.761916363277829	0.235767765590616	0.00231587113155504	0.517104544974864	chr1:155829300-155854990
SYT4	SYT4	NA	55.22	64.61	40.37	60.06	1.046662403	0.102438886911914	0.858214231571979	0.0393468815161068	0.491971612493849	chr18:40847843-40857615
HTR1B	HTR1B	NA	26.53	21.93	21.85	28.67	2.060209129	0.612776695649094	0.377272116328212	0.00995118802269436	0.288825023559474	chr6:78171948-78173490
STXBP1	STXBP1	NA	14.97	20.39	14.9	18.55	3.473582329	0.999710444960705	0.000289554409581027	6.29714235646466e-10	0.391277268635796	chr9:130374544-130454995
ATAD1	ATAD1	NA	38.28	22.31	28.78	14.4	1.911556715	0.421114773633103	0.576920631865254	0.00196459450164261	0.531106592150745	chr10:89511269-89577917
EIF4A3	EIF4A3	NA	17.03	16.17	18.06	15.69	3.034846783	0.998063846399013	0.00193608900499577	6.45959915911195e-08	0.250119876515009	chr17:78109013-78120982
ARF1	ARF1	NA	42.88	46.63	38.23	41.98	2.707363072	0.804974393553372	0.188864093644774	0.00616151280185351	0.471041048715846	chr1:228270361-228286912
SNCA	SNCA	NA	42.88	45.11	57.88	66.97	NA	0.825842878530667	0.169587906537157	0.00456921493217677	0.394792393088182	chr4:90645250-90759466
PLK2	PLK2	NA	27.88	12.08	14.49	21.56	2.834828808	0.997434574727652	0.00256539930541378	2.59669346261976e-08	0.550652328069623	chr5:57749809-57756087
NLGN4X	NLGN4X	NA	11.18	4.88	3.85	2.81	3.508693202	0.980867563013359	0.0191149245526369	1.75124340041702e-05	0.0442997896815417	chrX:5808067-6146904
DRD2	DRD2	NA	18.06	23.84	19.14	27.38	1.593634871	0.907950885866584	0.0918678411628955	0.000181272970520482	0.941392483898328	chr11:113280318-113346111
GRID2	GRID2	NA	11.4	1.37	6.95	4.1	1.27632555	0.999993322640181	6.67735980595055e-06	1.31008980474057e-14	0.889185776104709	chr4:93225550-94695707
GRIA1	GRIA1	NA	5.79	2.09	2.67	2.76	3.478340103	0.99839476477184	0.00160523355346231	1.67469781211958e-09	0.858338775596256	chr5:152870106-153193429
SLC24A2	SLC24A2	NA	21.73	9.78	14.62	20.35	1.091612368	0.0193457546046448	0.975774940505214	0.00487930489014171	0.390081282471662	chr9:19507450-19786926
ADCY8	ADCY8	NA	5.17	3.02	2.68	2.35	2.137548177	0.0967136311908052	0.903283046308486	3.32250070921125e-06	0.569570607621321	chr8:131792547-132054672
SORCS3	SORCS3	NA	6.04	1.78	2.03	2.29	1.739088474	0.723526750032356	0.276473198908361	5.10592837974535e-08	0.835692413059419	chr10:106400859-107024993
SLC6A1	SLC6A1	NA	29.16	5.93	9.06	10.76	3.477784269	0.998592225641002	0.00140774465921078	2.96997869737098e-08	0.509633958050529	chr3:11034410-11080933
DGKI	DGKI	NA	7.77	5.26	4.57	4.46	2.665049171	0.704933287912443	0.295066699519901	1.25676565372783e-08	0.590388461420494	chr7:137065783-137531838
BRAF	BRAF	NA	17.75	7.43	9.55	13.41	3.287339913	0.999983482649624	1.65173502566583e-05	1.18961221524589e-13	0.683349443805559	chr7:140419127-140624564
KCNB1	KCNB1	NA	50.34	32.26	33.14	50.39	3.976780795	0.972579843107596	0.0274115254400212	8.63145238282825e-06	0.391234327933358	chr20:47980414-48099184
PPP1R9A	PPP1R9A	NA	55.83	32.87	46.14	31.93	0.81057329	0.979045929431406	0.0209540690611794	1.50741502118492e-09	0.205879562239656	chr7:94536514-94925727
SHANK2	SHANK2	NA	NA	NA	NA	NA	NA	0.999808800481752	0.000191199289141162	2.29107256213694e-10	0.132225124509379	chr11:70313961-70963623
ADORA1	ADORA1	NA	38.82	31.25	21.89	24.22	1.369962841	0.105013383234434	0.756834511980384	0.138152104785182	0.367303389557055	chr1:203059782-203136533
ABHD6	ABHD6	NA	22.09	21.36	18.15	20.5	0.304438307	0.0483859082277715	0.92365912248485	0.0279549692873786	0.317864560517121	chr3:58223233-58280461
GRIK3	GRIK3	NA	2.68	2.36	2.3	4.39	2.571736117	0.999933317233134	6.66827633033467e-05	3.56227403294309e-12	0.564317362287033	chr1:37261128-37499730
NPY5R	NPY5R	NA	43.29	18.02	12.99	16.32	1.138116456	0.469556784268304	0.501298496988492	0.0291447187432036	0.057235739144169	chr4:164265091-164273086
GRIK2	GRIK2	ambiguous_previous	6.48	5.33	5.81	10.13	2.400188043	0.996685962808012	0.00331403520616384	1.98582463957004e-09	0.946004228290919	chr6:101846664-102517958
CHRFAM7A	CHRFAM7A	NA	NA	NA	NA	NA	3.438301388	0.876043418436953	0.122071815288372	0.00188476627467451	0.105656151071389	chr15:30653443-30686052
DRD5	DRD5	NA	75.43	66.66	78.97	54.2	2.518671253	2.05109140800764e-11	0.0043805321435499	0.995619467835939	0.1127447555129	chr4:9783258-9785632
SLC30A1	SLC30A1	NA	27.42	7.37	8.17	9.68	2.833116369	0.900819284978863	0.0981171156800637	0.00106359934107325	0.113830133128692	chr1:211744910-211752084
PTEN	PTEN	NA	36.86	42.11	39.15	40.12	2.455472787	0.960964969897069	0.0390142826470458	2.07474558854741e-05	0.999988229173229	chr10:89622870-89731687
ADIPOQ	ADIPOQ	NA	63.2	73.77	76.89	81.97	-0.466757047	4.27621846606442e-06	0.111523013451986	0.888472710329548	0.239416972995248	chr3:186560463-186576252
PLA2G6	PLA2G6	NA	3.08	69.58	63.94	15.91	-1.306909556	1.66165876984137e-06	0.95563011068747	0.0443682276537603	0.209948635684936	chr22:38507502-38601697
DRD1	DRD1	NA	26.53	39.12	32.31	26.77	2.313621044	0.884013003072382	0.114398692441971	0.00158830448564688	0.0992625536614297	chr5:174867042-174871211
NPY2R	NPY2R	NA	18.59	29.93	29.78	31.99	0.825210944	0.528154767076317	0.452648215901865	0.0191970170218181	0.193791182488454	chr4:156129781-156138230
PRKN	PRKN	NA	94.04	96.34	93.84	96.36	-0.303482397	0.0612152284464071	0.934631535710826	0.00415323584276715	0.995622647193244	chr6:161768452-163148803
MAPT	MAPT	NA	98.09	67.75	76.78	74.78	2.281625331	0.000128312556391772	0.949164265241648	0.0507074222019607	0.935754846703675	chr17:43971748-44105700
CNR2	CNR2	NA	60.47	48.94	39.2	40.79	0.370577715	8.20288697304192e-05	0.299449391370675	0.700468579759595	0.057245231922036	chr1:24197016-24285549
LRRK2	LRRK2	NA	6.51	2.01	6.56	2.7	2.237793256	1.3942000466738e-12	0.999999997117293	2.88131237245603e-09	0.540464991369161	chr12:40590546-40763083
NLGN3	NLGN3	NA	20.54	5.47	3.7	5.92	3.688450198	0.865487844940484	0.134024929581499	0.000487225478016838	0.634479168919147	chrX:70364681-70391051
NF1	NF1	NA	0.47	0.25	0.2	0.38	4.909466807	0.999999939046812	6.0953188230174e-08	1.62208325797896e-26	0.993936902824999	chr17:29421945-29708905
ARC	ARC	NA	28.63	38.83	34.84	41.8	3.641735253	0.908917997991189	0.0902259495932489	0.000856052415562222	0.130590353538336	chr8:143692405-143696833
AGER	AGER	NA	82.74	83.49	75.27	88.77	1.047131129	2.86676402835451e-10	0.139725912044568	0.860274087668756	0.358118946720725	chr6:32148745-32152101
MIR30B	MIR30B	NA	NA	NA	NA	NA	NA	NA	NA	NA	NA	NA
GRID2IP	GRID2IP	NA	NA	NA	NA	NA	NA	0.343151428486107	0.466857043517237	0.189991527996656	0.0554910488105992	chr7:6537093-6591067
SHANK3	SHANK3	NA	NA	NA	NA	NA	4.714052438	0.999915921676604	8.40782924320766e-05	3.09643859042457e-11	0.0592128197215211	chr22:51112843-51171726
S1PR2	S1PR2	NA	26.73	44.68	29.08	57.79	1.316111236	0.427528776414178	0.533640966153093	0.038830257432729	0.0399994796654063	chr19:10334520-10341962
